12
15
14
2 //number of cores

//matrix A
5 0 0 2 5 1 4 1 2 5 3 5 3 3 4 
2 1 1 0 0 0 2 3 0 5 3 4 2 3 4 
1 4 3 4 1 1 5 2 1 3 0 5 5 3 0 
3 2 4 3 4 2 2 4 1 3 3 1 3 2 3 
4 5 1 1 4 1 1 0 5 1 1 5 0 4 5 
4 3 1 0 0 1 0 2 3 0 3 1 3 1 5 
4 0 5 5 1 2 5 4 0 1 1 1 3 1 2 
4 4 4 0 5 5 3 5 1 4 4 4 3 3 5 
3 5 4 2 4 2 3 1 5 5 1 1 5 0 2 
5 3 5 1 3 0 2 5 1 3 0 4 3 5 1 
3 5 2 3 5 5 3 5 3 2 3 4 1 4 2 
1 0 2 4 3 5 0 1 1 0 3 2 2 4 4 

//matrix B
0 2 10 10 8 3 9 9 2 10 2 4 7 8 
2 5 8 1 9 5 3 6 1 5 1 6 1 8 
7 3 4 3 2 4 5 0 6 0 3 7 0 2 
7 5 3 8 5 4 6 3 1 10 9 3 5 3 
10 8 0 7 8 10 0 0 5 8 6 10 1 10 
8 4 10 3 2 0 1 7 9 9 7 3 5 7 
0 10 8 7 5 4 6 8 8 4 8 7 2 1 
4 4 10 7 0 9 6 9 7 0 3 8 7 8 
3 0 5 2 10 3 6 3 0 2 6 5 4 10 
6 8 1 7 10 8 7 8 6 9 5 0 9 3 
2 7 2 2 2 3 2 1 7 1 3 1 10 4 
6 5 10 2 8 7 4 6 1 2 9 6 0 3 
3 7 2 3 2 6 7 7 5 5 9 7 10 3 
9 3 1 3 0 7 3 9 5 6 3 1 6 1 
8 5 9 7 3 0 2 7 0 9 7 3 3 5 
