00000010
00000011
00000001
00011111
00000011
00000011
00101111
00000011
00000100
00111111
00000011
00000011
01011111
00000110
00001001
00000011
00000100
01011111
00000110
00001010
00000011
00000101
01011111
00000110
00001011
00000010
01011111
01001111
01111111
00000100
01101111
10001111
00000100
00001010
00001011
01011111
10011111
00001100
00001000
00011100
00000011
00001011
00000101
00001101
01011111
00000110
00001011
10001111
01001111
00000011
00000111
00001101
00001100
00001000
00111001
00000111
00111110
00000011
00001001
00101111
00000111
00011001
01111111
01011111
00000110
00001001
01001111
00000011
00000110
00001101
00001100
00001000
01001011
00000111
01010000
00000011
00000100
00111111
00000111
00011001
00000001
00000000
00000000
00000000
00000000
00000000
00000000
00000000
00000000
00000000
00000000
00000000
00000000
00000000
00000000
00000000
00000000
00000000
00000000
00000000
00000000
00000000
00000000
00000000
00000000
00000000
00000000
00000000
00000000
00000000
00000000
00000000
00000000
00000000
00000000
00000000
00000000
00000000
00000000
00000000
00000000
00000000
00000000
00000000
00000000
00000000
00000000
00000000
00000000
00000000
00000000
00000000
00000000
00000000
00000000
00000000
00000000
00000000
00000000
00000000
00000000
00000000
00000000
00000000
00000000
00000000
00000000
00000000
00000000
00000000
00000000
00000000
00000000
00000000
00000000
00000000
00000000
00000000
00000000
00000000
00000000
00000000
00000000
00000000
00000000
00000000
00000000
00000000
00000000
00000000
00000000
00000000
00000000
00000000
00000000
00000000
00000000
00000000
00000000
00000000
00000000
00000000
00000000
00000000
00000000
00000000
00000000
00000000
00000000
00000000
00000000
00000000
00000000
00000000
00000000
00000000
00000000
00000000
00000000
00000000
00000000
00000000
00000000
00000000
00000000
00000000
00000000
00000000
00000000
00000000
00000000
00000000
00000000
00000000
00000000
00000000
00000000
00000000
00000000
00000000
00000000
00000000
00000000
00000000
00000000
00000000
00000000
00000000
00000000
00000000
00000000
00000000
00000000
00000000
00000000
00000000
00000000
00000000
00000000
00000000
00000000
00000000
00000000
00000000
00000000
00000000
00000000
00000000
00000000
00000000
00000000
00000000
00000000
00000000
00000000
00000000
